Running...
-----------------------------------------------------------------------------------------------------------
(0, 1) 4
(1, 0) 4
(0, 2) 4
(2, 0) 4
(0, 3) 4
(3, 0) 4
(0, 4) 4
(4, 0) 4
(0, 5) 5.163
(5, 0) 5.163
(0, 6) 5.161
(6, 0) 5.161
(0, 7) 5.72
(7, 0) 5.72
(0, 8) 5.1739999999999995
(8, 0) 5.1739999999999995
(1, 2) 1.72
(2, 1) 1.72
(1, 3) 1.161
(3, 1) 1.161
(1, 4) 1.174
(4, 1) 1.174
(1, 5) 1.22
(5, 1) 1.22
(1, 6) 1.161
(6, 1) 1.161
(1, 7) 1.174
(7, 1) 1.174
(1, 8) 1.72
(8, 1) 1.72
(2, 3) 1.161
(3, 2) 1.161
(2, 4) 1.163
(4, 2) 1.163
(2, 5) 1.22
(5, 2) 1.22
(2, 6) 1.161
(6, 2) 1.161
(2, 7) 1.174
(7, 2) 1.174
(2, 8) 1.161
(8, 2) 1.161
(3, 4) 1.163
(4, 3) 1.163
(3, 5) 1.161
(5, 3) 1.161
(3, 6) 1.163
(6, 3) 1.163
(3, 7) 1.72
(7, 3) 1.72
(3, 8) 1.72
(8, 3) 1.72
(4, 5) 1.72
(5, 4) 1.72
(4, 6) 1.72
(6, 4) 1.72
(4, 7) 1.22
(7, 4) 1.22
(4, 8) 1.163
(8, 4) 1.163
(5, 6) 1.174
(6, 5) 1.174
(5, 7) 1.163
(7, 5) 1.163
(5, 8) 1.174
(8, 5) 1.174
(6, 7) 1.22
(7, 6) 1.22
(6, 8) 1.163
(8, 6) 1.163
(7, 8) 1.174
(8, 7) 1.174
(0, 0) 0
(1, 1) 0
(2, 2) 0
(3, 3) 0
(4, 4) 0
(5, 5) 0
(6, 6) 0
(7, 7) 0
(8, 8) 0
1
1
Version identifier: 20.1.0.0 | 2020-11-10 | 9bedb6d68
CPXPARAM_Read_DataCheck                          1
Presolve has eliminated 59838 rows and 16002 columns...
Tried aggregator 2 times.
MIQCP Presolve eliminated 158076 rows and 16002 columns.
MIQCP Presolve modified 586944 coefficients.
Aggregator did 586 substitutions.
Reduced MIQCP has 587500 rows, 1211638 columns, and 7468871 nonzeros.
Reduced MIQCP has 37026 binaries, 0 generals, 0 SOSs, and 396 indicators.
Reduced MIQCP has 16 quadratic constraints.
Presolve time = 1095.52 sec. (8580320.24 ticks)
Probing fixed 0 vars, tightened 16 bounds.
Probing time = 42.43 sec. (3251.35 ticks)
Clique table members: 24.
MIP emphasis: balance optimality and feasibility.
MIP search method: dynamic search.
Parallel mode: deterministic, using up to 32 threads.
Root relaxation solution time = 3.99 sec. (1908.66 ticks)

        Nodes                                         Cuts/
   Node  Left     Objective  IInf  Best Integer    Best Bound    ItCnt     Gap

      0     0        7.0000     0                 -26894.0000      254         
      0     0        7.0000   107                    Cone: 13      280         
      0     0        7.0000   134                      7.0000      280         
Heuristic still looking.
Heuristic still looking.
Heuristic still looking.
      0     2        7.0000   103                      7.0000      338         
Elapsed time = 3552.31 sec. (10915449.90 ticks, tree = 0.02 MB, solutions = 0)
      1     3        7.0000   102                      7.0000      345         
      2     4        7.0000   103                      7.0000      348         
      3     3        7.0000   103                      7.0000      341         
      4     5        7.0000   104                      7.0000      363         
      5     4        7.0000   102                      7.0000      355         
      6     6        7.0000   104                      7.0000      354         
      7     8        7.0000   101                      7.0000      387         
      8     5        7.0000   103                      7.0000      351         
      9     9        7.0000   104                      7.0000      393         
     14    12        7.0000   113                      7.0000      420         
Elapsed time = 3586.47 sec. (10922308.90 ticks, tree = 0.37 MB, solutions = 0)
     17    15        7.0000   108                      7.0000      480         
     24    16        7.0000   112                      7.0000      489         
     26    19        7.0000   113                      7.0000      485         
     29    17        7.0000   111                      7.0000      466         
     32    21        7.0000   112                      7.0000      540         
     41    10        7.0000   110                      7.0000      412         
     44    29        7.0000   113                      7.0000      691         
     49    22        7.0000   112                      7.0000      544         
     53    26        7.0000   113                      7.0000      614         
     61    38        7.0000   110                      7.0000      801         
Elapsed time = 3656.77 sec. (10934156.84 ticks, tree = 0.37 MB, solutions = 0)
     66    46        7.0000   112                      7.0000      855         
     70    45        7.0000   111                      7.0000      854         
     77    26        7.0000   111                      7.0000      610         
     81    58        7.0000   112                      7.0000      996         
     91    66        7.0000   112                      7.0000     1139         
     95    70        7.0000   110                      7.0000     1197         
    101    75        7.0000   110                      7.0000     1261         
    108    81        7.0000   110                      7.0000     1321         
    117    93        7.0000   113                      7.0000     1422         
    125    96        7.0000   110                      7.0000     1423         
Elapsed time = 3715.46 sec. (10945231.69 ticks, tree = 11.87 MB, solutions = 0)
    131   101        7.0000   111                      7.0000     1433         
    138   104        7.0000   110                      7.0000     1467         
    149   118        7.0000   113                      7.0000     1549         
    156   101        7.0000   112                      7.0000     1432         
    163   130        7.0000   111                      7.0000     1607         
    172   142        7.0000   109                      7.0000     1626         
    182   146        7.0000   113                      7.0000     1639         
    188   127        7.0000   113                      7.0000     1623         
    194   160        7.0000   111                      7.0000     1655         
    200   161        7.0000   113                      7.0000     1656         
Elapsed time = 3777.62 sec. (10957992.99 ticks, tree = 15.11 MB, solutions = 0)
    211   147        7.0000   113                      7.0000     1640         
    219   156        7.0000   112                      7.0000     1649         
    223   157        7.0000   110                      7.0000     1650         
    228   188        7.0000   109                      7.0000     1707         
    239   192        7.0000   113                      7.0000     1711         
    249   210        7.0000   113                      7.0000     1729         
    260   205        7.0000   110                      7.0000     1724         
    274   250        7.0000   113                      7.0000     1770         
    285   264        7.0000   110                      7.0000     1784         
    302   267        7.0000   109                      7.0000     1792         
Elapsed time = 3837.36 sec. (10968467.78 ticks, tree = 38.45 MB, solutions = 0)
    324   238        7.0000   109                      7.0000     1757         
    348   258        7.0000   112                      7.0000     1778         
    369   297        7.0000   112                      7.0000     1817         
    385   280        7.0000   122                      7.0000     1813         
    400   285        7.0000   111                      7.0000     1811         
    411   294        7.0000   111                      7.0000     1814         
    419   317        7.0000   112                      7.0000     1843         
    428   334        7.0000   110                      7.0000     1867         
    433   355        7.0000   112                      7.0000     1903         
    437   296        7.0000   111                      7.0000     1827         
Elapsed time = 3901.01 sec. (10978721.58 ticks, tree = 42.40 MB, solutions = 0)
    445   394        7.0000   111                      7.0000     1977         
    453   416        7.0000   112                      7.0000     2000         
    460   335        7.0000   111                      7.0000     1869         
    467   371        7.0000   113                      7.0000     1943         
    474   413        7.0000   113                      7.0000     1998         
    479   381        7.0000   112                      7.0000     1959         
    489   439        7.0000   112                      7.0000     2034         
    494   441        7.0000   111                      7.0000     2039         
    500   452        7.0000   114                      7.0000     2070         
    507   466        7.0000   110                      7.0000     2090         
Elapsed time = 3962.02 sec. (10989667.87 ticks, tree = 70.79 MB, solutions = 0)
    516   436        7.0000   113                      7.0000     2034         
    524   446        7.0000   115                      7.0000     2052         
    529   450        7.0000   110                      7.0000     2064         
    537   463        7.0000   113                      7.0000     2085         
    542   494        7.0000   112                      7.0000     2145         
    552   473        7.0000   113                      7.0000     2110         
    556   510        7.0000   112                      7.0000     2186         
    561   491        7.0000   112                      7.0000     2138         
    568   527        7.0000   110                      7.0000     2225         
    580   535        7.0000   111                      7.0000     2240         
Elapsed time = 4026.73 sec. (11000322.27 ticks, tree = 87.33 MB, solutions = 0)
    592   543        7.0000   113                      7.0000     2255         
    596   551        7.0000   112                      7.0000     2268         
    603   528        7.0000   110                      7.0000     2226         
    613   534        7.0000   113                      7.0000     2237         
    622   546        7.0000   113                      7.0000     2261         
    627   548        7.0000   111                      7.0000     2265         
    634   587        7.0000   110                      7.0000     2341         
    643   557        7.0000   113                      7.0000     2280         
    653   601        7.0000   112                      7.0000     2357         
    656   576        7.0000   115                      7.0000     2321         
Elapsed time = 4092.18 sec. (11011993.80 ticks, tree = 93.43 MB, solutions = 0)
    666   580        7.0000   111                      7.0000     2331         
    671   613        7.0000   111                      7.0000     2373         
    682   598        7.0000   113                      7.0000     2354         
    687   637        7.0000   115                      7.0000     2408         
    696   630        7.0000    95                      7.0000     2397         
    714   669        7.0000   112                      7.0000     2454         
    733   677        7.0000   105                      7.0000     2470         
    745   667        7.0000   112                      7.0000     2454         
    755   685        7.0000   107                      7.0000     2487         
    829   657        7.0000   114                      7.0000     2439         
Elapsed time = 4170.82 sec. (11025341.56 ticks, tree = 107.14 MB, solutions = 0)
    897   705        7.0000    98                      7.0000     2548         
    984   804        7.0000   113                      7.0000     2721         
   1031   746        7.0000   112                      7.0000     2600         
   1060   890        7.0000   114                      7.0000     2889         
   1084   836        7.0000   113                      7.0000     2800         
   1113  1044        7.0000   113                      7.0000     3205         
   1139  1039        7.0000   113                      7.0000     3207         
   1166  1033        7.0000   113                      7.0000     3185         
   1192  1061        7.0000   114                      7.0000     3242         
   1211  1077        7.0000   115                      7.0000     3285         
Elapsed time = 4400.17 sec. (11064665.91 ticks, tree = 197.09 MB, solutions = 0)
   1236  1114       55.3444   124                      7.0000     4992         
   1259  1171        7.0000   115                      7.0000     5424         
   1283  1168        7.0000   106                      7.0000     5413         
   1300  1226        7.0000    93                      7.0000     7971         
   1319  1235       55.4912   126                      7.0000     8311         
   1334  1274       52.2755   123                      7.0000    10154         
   1350  1250       50.2203   124                      7.0000     9746         
   1368  1304       55.9735   131                      7.0000    11703         
   1383  1302        7.0000    93                      7.0000    11234         
   1395  1326       67.7707   127                      7.0000    12252         
Elapsed time = 4618.24 sec. (11104497.60 ticks, tree = 276.30 MB, solutions = 0)
   1416  1215       52.2203   124                      7.0000     8626         
   1436  1288       62.8487   120                      7.0000    10846         
   1452  1355       65.9727   133                      7.0000    14352         
   1469  1372       69.9176   137                      7.0000    16186         
   1491  1391      141.8901   104                      7.0000    17088         
   1504  1407       69.9176   130                      7.0000    17939         
   1524  1418      118.5692   116                      7.0000    18072         
   1542  1367       75.9129   124                      7.0000    16282         
   1561  1443       68.8720   122                      7.0000    18954         
   1571  1413      118.2937   107                      7.0000    18008         
Elapsed time = 4813.31 sec. (11144548.89 ticks, tree = 305.48 MB, solutions = 0)
   1588  1441      162.2937    87                      7.0000    18435         
   1624  1453       89.3672   123                      7.0000    19659         
   1659  1472      166.8901   115                      7.0000    20808         
   1678  1493      256.4499    55                      7.0000    21393         
   1701  1503      148.0318    96                      7.0000    21688         
   1739  1557      243.0000    64                      7.0000    23180         
   1803  1562      247.0000    54                      7.0000    23197         
   1863  1537      112.2157   103                      7.0000    22614         
   1921  1616      184.4405   104                      7.0000    25248         
   1976  1577      153.4405   104                      7.0000    23956         
Elapsed time = 5052.62 sec. (11183966.00 ticks, tree = 362.49 MB, solutions = 0)
   2036  1629      138.4405    83                      7.0000    25309         
   2140  1644      168.0000    76                      7.0000    25386         
   2212  1654      240.0000    46                      7.0000    25495         
   2256  1677      154.1747    98                      7.0000    25850         
   2289  1699      220.0000    73                      7.0000    25816         
   2319  1680      163.1468   103                      7.0000    25937         
   2320  1570      243.3397   105                      7.0000    23981         
   2324  1605      310.0000    33                      7.0000    24389         
   2325  1849        7.0000    94                      7.0000    28152         
   2338  1831      246.0088    34                      7.0000    28057         
Elapsed time = 5152.74 sec. (11247596.96 ticks, tree = 448.30 MB, solutions = 0)
   2373  1932      118.1462   129                      7.0000    29098         
   2504  1867        7.0000    85                      7.0000    28190         
   2715  1990       34.2677    93                      7.0000    30099         
   2880  2045      175.0000    75                      7.0000    31751         
   3002  1692       90.1374   116                      7.0000    26147         
   3057  2006      253.0460    90                      7.0000    31352         
   3105  2126      273.0000    30                      7.0000    32536         
   3195  2116       35.2677    82                      7.0000    32358         
   3358  2336      259.0000    79                      7.0000    35154         
   3576  2347      251.0000    77                      7.0000    35194         
Elapsed time = 5350.16 sec. (11286093.48 ticks, tree = 612.17 MB, solutions = 0)
   3770  2412      243.1355    77                      7.0000    36447         
   3943  2213      208.0000    92                      7.0000    33376         
   4075  2486    infeasible                            7.0000    37241         
   4188  2246      245.0000    78                      7.0000    34141         
   4265  2480        7.0000    79                      7.0000    36817         
   4296  2565      203.0000    21                      7.0000    37862         
   4301  2365    infeasible                            7.0000    35705         
   4303  2493      187.0000    71                      7.0000    37326         
   4305  2861    infeasible                            7.0000    42135         
   4310  2631      196.8452    82                      7.0000    39920         
Elapsed time = 5460.72 sec. (11338653.45 ticks, tree = 702.37 MB, solutions = 0)
   4426  3018      245.0000    75                      7.0000    44601         
   4591  2647      230.0000    61                      7.0000    40061         
   4784  3068      268.0000    82                      7.0000    45562         
   4925  3007    infeasible                            7.0000    44014         
   5036  2634       34.5135    96                      7.0000    39649         
   5187  2958        7.2112    79                      7.0000    44283         
   5344  3254        7.0000    79                      7.0000    47728         
   5416  2993      179.1994   101                      7.0000    44980         
   5423  3116        7.8248    96                      7.0000    46502         
   5426  3028    infeasible                            7.0000    45735         
Elapsed time = 5591.76 sec. (11383042.36 ticks, tree = 834.51 MB, solutions = 0)
   5427  3216      243.0000    32                      7.0000    47698         
   5446  3484        7.0000    78                      7.0000    49434         
   5573  3815    infeasible                            7.0000    54812         
   5758  3573       39.5135    86                      7.0000    50441         
   5924  3697        7.0000    69                      7.0000    51689         
   6075  3761      286.0000    46                      7.0000    52035         
   6236  3762        7.0000    70                      7.0000    52052         
   6437  3382      293.0000    79                      7.0000    49169         
   6580  3913       34.7638    81                      7.0000    55948         
   6583  3941       34.7638    79                      7.0000    56638         
Elapsed time = 5852.88 sec. (11432277.16 ticks, tree = 1152.38 MB, solutions = 0)
   6585  4362      311.0000    24                      7.0000    63585         
   6588  4395      286.0000    25                      7.0000    63993         
   6591  3677    infeasible                            7.0000    52208         
   6611  4278      295.0000    68                      7.0000    61740         
   6622  4364      311.0000    21                      7.0000    63586         
   6624  4699       34.7638    81                      7.0000    69362         
   6627  4722      192.2251    86                      7.0000    69707         
   6630  4769      293.0000    32                      7.0000    70753         
   6631  4767      311.0000    18                      7.0000    70749         
   6636  4770      293.0000    31                      7.0000    70753         
Elapsed time = 6264.90 sec. (11482258.66 ticks, tree = 1441.43 MB, solutions = 0)
   6638  4811      286.0000    29                      7.0000    71193         
   6651  4813    infeasible                            7.0000    71344         
   6676  4818      293.0000    29                      7.0000    71215         
   6702  4817      293.0000    42                      7.0000    71414         
   6708  4820       38.5135    78                      7.0000    71783         
   6734  4824      262.0000    69                      7.0000    71870         
   6749  4817    infeasible                            7.0000    71268         
   6773  4819      283.0000    76                      7.0000    71443         
   6791  4843       51.7638    80                      7.0000    71843         
   6806  4830      301.1267    71                      7.0000    71472         
Elapsed time = 6605.53 sec. (11523977.38 ticks, tree = 1458.83 MB, solutions = 0)
   6831  4836      301.0000    62                      7.0000    71475         
   6856  4823      287.0000    28                      7.0000    71506         
   6870  4326      306.0000    45                      7.0000    63293         
   6877  4068      257.0000    79                      7.0000    59356         
   6911  4859      254.0000    69                      7.0000    72810         
   6975  4873        7.0000    72                      7.0000    72785         
   7045  4891        7.0000    70                      7.0000    73130         
   7087  4913      246.0000    67                      7.0000    73948         
   7132  4886    infeasible                            7.0000    73363         
   7181  4893      284.0000    67                      7.0000    73514         
Elapsed time = 6925.49 sec. (11574263.92 ticks, tree = 1482.10 MB, solutions = 0)
   7236  4892      326.0000    17                      7.0000    73405         
   7278  4940        7.0000    72                      7.0000    75138         
   7322  4914      316.0000    30                      7.0000    73894         
   7354  4933    infeasible                            7.0000    74960         
   7404  4921      316.0000    16                      7.0000    73921         
   7456  4933    infeasible                            7.0000    75024         
   7511  4936      316.0000     4                      7.0000    73950         
   7577  4974      301.0000    58                      7.0000    76908         
   7622  5069    infeasible                            7.0000    78433         
   7638  5006      276.0000    89                      7.0000    78246         
Elapsed time = 7103.89 sec. (11613790.52 ticks, tree = 1522.95 MB, solutions = 0)
   7657  5074      285.0000    54                      7.0000    78498         
   7683  5067      301.0000    54                      7.0000    79186         
   7707  5075      317.0000    30                      7.0000    78515         
   7739  5097      261.0000    62                      7.0000    80150         
   7766  5103        7.0000    72                      7.0000    80186         
   7790  5069    infeasible                            7.0000    79376         
   7816  5134      326.0000     6                      7.0000    81201         
   7924  5165      260.0000    78                      7.0000    83650         
   8032  5166    infeasible                            7.0000    83684         
   8101  5174      260.0000    71                      7.0000    83659         
Elapsed time = 7324.48 sec. (11652610.69 ticks, tree = 1582.93 MB, solutions = 0)
   8172  5174      239.0000    62                      7.0000    83738         
   8237  5160      272.0000    72                      7.0000    83134         
   8292  5254      258.0000    62                      7.0000    85146         
   8359  5303        7.0000    71                      7.0000    85808         
   8388  4766        7.0000    64                      7.0000    70762         
   8409  5298    infeasible                            7.0000    86090         
   8420  5325      274.1267    69                      7.0000    86195         
   8439  5305        7.0000    77                      7.0000    86296         
   8454  5310       27.7638    77                      7.0000    86507         
   8476  4431      282.0000    67                      7.0000    64321         
Elapsed time = 7599.97 sec. (11693534.01 ticks, tree = 1324.95 MB, solutions = 0)
   8479  4762      257.0000    81                      7.0000    70738         
   8481  5337      319.0000     5                      7.0000    86805         
   8510  5140      333.4344    26                      7.0000    81219         
   8533  5330      260.0000    67                      7.0000    86837         
   8549  5332      260.0000    66                      7.0000    86841         
   8569  5461      272.0000    76                      7.0000    89023         
   8595  5419      272.0000    76                      7.0000    88524         
   8633  5477      272.0000    64                      7.0000    89140         
   8653  5407      277.0000    72                      7.0000    87973         
   8659  4034      288.0000    64                      7.0000    58567         
Elapsed time = 7789.67 sec. (11741534.93 ticks, tree = 1183.96 MB, solutions = 0)
   8661  5244      332.0000    24                      7.0000    85110         
   8672  5465    infeasible                            7.0000    89160         
   8681  5466    infeasible                            7.0000    89237         
   8686  5469       48.7638    78                      7.0000    89531         
   8693  5475      271.0000    79                      7.0000    89562         
   8696  5337    infeasible                            7.0000    86814         
   8710  5598      271.0000    77                      7.0000    92134         
   8766  5498       50.5135    79                      7.0000    90298         
   8796  5505      277.0000    57                      7.0000    90058         
   8824  5605      271.0000    73                      7.0000    92716         
Elapsed time = 8116.64 sec. (11800764.21 ticks, tree = 1738.22 MB, solutions = 0)
   8857  5615      273.0000    66                      7.0000    92775         
   8879  5500       50.5135    81                      7.0000    90336         
   8925  5503      285.0000    74                      7.0000    91098         
   8963  5655       48.7638    77                      7.0000    92826         
   8965  5595      278.1267    75                      7.0000    92860         
   8966  5639    infeasible                            7.0000    93578         
   8996  5688      277.0000    37                      7.0000    94010         
   9027  5649      289.0000    62                      7.0000    93622         
   9070  5704    infeasible                            7.0000    95401         
   9117  5699      281.0000    28                      7.0000    94091         
Elapsed time = 8158.47 sec. (11856165.66 ticks, tree = 1770.58 MB, solutions = 0)
   9158  5660      274.1267    89                      7.0000    93756         
   9190  5716        7.0000    74                      7.0000    95705         
   9208  5677      274.0000    72                      7.0000    94013         
   9231  5751      283.1267    72                      7.0000    97305         
   9233  5577    infeasible                            7.0000    91706         
   9247  5883        7.0000    72                      7.0000    99596         
   9264  5870      260.0000    77                      7.0000    98478         
   9291  5836      307.0000    10                      7.0000    96753         
   9307  5895      254.0000    80                      7.0000    99743         
   9332  5878      276.0000    68                      7.0000    98502         
Elapsed time = 8240.88 sec. (11901308.07 ticks, tree = 1836.03 MB, solutions = 0)
   9354  5897      254.0000    72                      7.0000    99747         
   9372  5842      303.0000     1                      7.0000    96886         
   9385  5880      276.0000    66                      7.0000    98514         
   9388  5858      235.0000    78                      7.0000    97646         
   9390  5774        7.0000    80                      7.0000    96482         
   9391  5599      332.4344    32                      7.0000    92166         
   9436  6046      278.0000    66                      7.0000   103071         
   9501  5928      258.0000    77                      7.0000   100998         
   9574  5961       49.7638    86                      7.0000   101728         
   9634  6054    infeasible                            7.0000   103369         
Elapsed time = 8386.19 sec. (11955323.12 ticks, tree = 1897.43 MB, solutions = 0)
   9703  6059      257.0000    80                      7.0000   103845         
   9768  6065      259.0000    75                      7.0000   103855         
   9837  6070      261.0000    70                      7.0000   103874         
   9900  6066      303.0000    35                      7.0000   103449         
   9924  6067      303.0000    29                      7.0000   103482         
   9930  6082      272.0000    72                      7.0000   103915         
   9952  6212      257.0000    70                      7.0000   105783         
   9981  6214      257.0000    68                      7.0000   105788         
  10017  6087      272.0000    69                      7.0000   104358         
  10048  6156      252.0000    73                      7.0000   105062         
Elapsed time = 8494.86 sec. (12016081.14 ticks, tree = 1931.98 MB, solutions = 0)
  10078  6160      252.0000    78                      7.0000   105085         
  10107  6164      252.0000    76                      7.0000   105105         
  10126  6166      252.0000    69                      7.0000   105112         
  10141  6190      251.0000    74                      7.0000   105856         
  10146  5969    infeasible                            7.0000   101688         
  10151  6219      273.0000    74                      7.0000   105873         
  10193  6331      279.0000    76                      7.0000   108887         
  10238  6332      285.0000    71                      7.0000   108910         
  10278  6279    infeasible                            7.0000   107346         
  10313  6261        7.0000    74                      7.0000   106316         
Elapsed time = 8621.06 sec. (12062082.50 ticks, tree = 1970.54 MB, solutions = 0)
  10353  6238      281.0000    74                      7.0000   106361         
  10379  6286      250.0000    76                      7.0000   107571         
  10408  6317      250.0000    76                      7.0000   109076         
  10444  6306      303.8280     6                      7.0000   108458         
  10445  6021      358.0000    32                      7.0000   102205         
  10494  6513      267.0000    79                      7.0000   115340         
  10596  6660    infeasible                            7.0000   118418         
  10726  6745    infeasible                            7.0000   120756         
  10852  6818      261.0000    78                      7.0000   121588         
  10971  6823    infeasible                            7.0000   121617         
Elapsed time = 8778.51 sec. (12121568.86 ticks, tree = 2161.15 MB, solutions = 0)
Nodefile size = 98.16 MB (5.63 MB after compression)
  11079  6484        7.0000    72                      7.0000   113525         
  11182  6424      283.0000    70                      7.0000   113093         
  11261  6772      288.0000    71                      7.0000   120742         
  11332  6832      250.0000    76                      7.0000   121895         
  11390  6835      250.0000    86                      7.0000   121902         
  11432  6842      277.0000    81                      7.0000   121816         
  11461  6849      277.0000    79                      7.0000   121836         
  11484  6951      274.0000    72                      7.0000   126290         
  11530  6892      245.0000    72                      7.0000   124809         
  11557  6927      271.1267    78                      7.0000   125508         
Elapsed time = 8898.99 sec. (12160246.50 ticks, tree = 2196.06 MB, solutions = 0)
Nodefile size = 133.07 MB (7.65 MB after compression)
  11595  6930      249.0000    73                      7.0000   125511         
  11665  6961    infeasible                            7.0000   127392         
  11713  6962        7.0000    73                      7.0000   127420         
  11736  7043        7.0000    85                      7.0000   130819         
  11764  7030      272.1267    77                      7.0000   130625         
  11788  7001       78.7638    73                      7.0000   130835         
  11816  7005      309.0000    65                      7.0000   130854         
  11842  6832      243.0000    14                      7.0000   121824         
  11861  7040      250.0000    75                      7.0000   130667         
  11868  7067      288.0000    73                      7.0000   131821         
Elapsed time = 9022.21 sec. (12199973.42 ticks, tree = 2248.45 MB, solutions = 0)
Nodefile size = 188.32 MB (10.84 MB after compression)
  11869  7118        7.0000    73                      7.0000   132136         
  11902  7355      250.0000    71                      7.0000   140695         
  11992  7618      250.0000    73                      7.0000   148085         
  12094  7557        7.0000    71                      7.0000   145993         
  12174  7658      276.0000    74                      7.0000   148730         
  12277  7454      309.0000    69                      7.0000   143129         
  12385  7519      250.0000    72                      7.0000   145419         
  12468  7469      279.0000    77                      7.0000   144348         
  12541  7635       30.4862    82                      7.0000   148816         
  12638  7377      271.0000    71                      7.0000   141778         
Elapsed time = 9201.49 sec. (12247230.80 ticks, tree = 2360.81 MB, solutions = 0)
Nodefile size = 295.20 MB (16.98 MB after compression)
  12731  7451      281.0000    75                      7.0000   143097         
  12790  7704      255.0000    82                      7.0000   150897         
  12879  7748      251.0000    70                      7.0000   152713         
  12969  7794      297.0000    74                      7.0000   154491         
  13050  7836       25.7635    81                      7.0000   157016         
  13154  7843    infeasible                            7.0000   157065         
  13251  7725      268.0000    91                      7.0000   152390         
  13354  7876    infeasible                            7.0000   157728         
  13466  8174      252.0000    74                      7.0000   167796         
  13559  8109      251.0000    72                      7.0000   164484         
Elapsed time = 9389.80 sec. (12285972.46 ticks, tree = 2617.22 MB, solutions = 0)
Nodefile size = 552.61 MB (31.80 MB after compression)
