Running...
-----------------------------------------------------------------------------------------------------------
FO done!
Set 1 done!
Set 2 done!
Set 3 done!
CPXPARAM_Read_DataCheck                          1
CPXPARAM_RandomSeed                              201703173
CPXPARAM_Emphasis_MIP                            2
Tried aggregator 2 times.
MIQCP Presolve eliminated 43379 rows and 49 columns.
MIQCP Presolve modified 376 coefficients.
Aggregator did 147 substitutions.
Reduced MIQCP has 667 rows, 15125 columns, and 346246 nonzeros.
Reduced MIQCP has 14763 binaries, 0 generals, 0 SOSs, and 98 indicators.
Reduced MIQCP has 6 quadratic constraints.
Presolve time = 0.29 sec. (363.01 ticks)
Probing time = 0.02 sec. (19.92 ticks)
Clique table members: 120579.
MIP emphasis: optimality.
MIP search method: dynamic search.
Parallel mode: deterministic, using up to 16 threads.
Root relaxation solution time = 0.15 sec. (391.85 ticks)

        Nodes                                         Cuts/
   Node  Left     Objective  IInf  Best Integer    Best Bound    ItCnt     Gap

      0     0       10.0000     0                      0.0000      587         
      0     0       10.0000    60                     Cone: 6      625         
      0     0       10.0000    77                    Cone: 12      753         
      0     0       10.0000    83                    Cone: 18      763         
      0     0       10.0000    88                    Cone: 24      795         
      0     0       10.0000    93                    Cone: 30      854         
      0     0       10.0000    92                    Cone: 36      903         
      0     0       10.4949    91                   Cone: 168     1462         
      0     0       10.4949   110                   Cone: 286     1563         
      0     0       10.4949   131                   Cone: 402     1669         
      0     0       10.4949   130                   Cone: 516     1772         
      0     0       10.4949   134                   Cone: 611     1855         
      0     0       10.4949   134                   Cone: 709     2029         
      0     0       10.4949   132                   Cone: 792     2139         
      0     0       10.4949   133                   Cone: 857     2220         
      0     0       10.4949   133                   Cone: 912     2274         
      0     0       10.4949   133                   Cone: 953     2313         
      0     0       10.4949   133                   Cone: 980     2344         
      0     0       10.4949   133                   Cone: 993     2355         
      0     0       10.4949   133                   Cone: 998     2360         
      0     0       10.4949   133                  Cone: 1001     2364         
      0     0       10.4949   133                  Cone: 1004     2371         
      0     0       10.4949   133                  Cone: 1006     2373         
      0     0       10.4949   133                     10.4949     2373         
      0     0       12.1782   105                   Cuts: 253     2795         
      0     0       13.2017   148                   Cuts: 128     3083         
      0     0       13.9595   145                   Cuts: 104     3415         
      0     0       14.1895   127                   Cuts: 129     3561         
      0     0       14.2145   118                    Cuts: 91     3673         
      0     0       15.1658   135                   Cuts: 101     3838         
      0     0       15.3592   157                   Cuts: 132     4087         
      0     0       15.8536   147                   Cuts: 107     4279         
      0     0       16.2883   162                   Cuts: 151     4426         
      0     0       16.3693   167                   Cuts: 132     4581         
      0     0       16.4253   163                   Cuts: 123     4689         
      0     0       16.5098   172                   Cuts: 108     4809         
      0     0       16.7224   195                   Cuts: 121     5100         
      0     0       16.8136   251                   Cuts: 173     5453         
      0     0       16.8551   237                   Cuts: 180     5619         
      0     0       16.8581   247                   Cuts: 141     5854         
      0     0       16.8584   232                   Cuts: 127     6266         
      0     0       16.9267   240                    Cuts: 92     6622         
      0     0       16.9534   223                   Cuts: 123     6838         
      0     0       16.9534   219                   Cuts: 130     7090         
      0     2       16.9534   201                     16.9534     7090         
Elapsed time = 36.12 sec. (31428.94 ticks, tree = 0.01 MB, solutions = 0)
      1     3       34.0000    71                     16.9534     7542         
      3     4       34.0000    67                     16.9534     7549         
      8     7       34.0000    53                     16.9534     7596         
     14     8       34.1192    64                     16.9534     7777         
     42    29       78.0000    46                     16.9534     8513         
     77    44       90.0000    50                     16.9534     8826         
    140    79       49.3589    58                     16.9534    10667         
    237   123       55.1554    64                     16.9594    12418         
    333   209       78.1243    53                     16.9594    15566         
    901   524       34.8403    55                     16.9594    28124         
Elapsed time = 40.87 sec. (35014.73 ticks, tree = 5.31 MB, solutions = 0)
   1539   795       72.0000    49                     17.4311    41414         
   2040  1114       22.4836   123                     18.3924    61503         
   2399  1356       56.6667     2                     18.3924    75235         
   2750  1576       25.7555   121                     18.3924    92846         
   3262  1766       84.0243    26                     18.3924   106839         
   3979  2179       22.3754   106                     18.4383   130495         
   4536  2640      117.7212   111                     18.4383   160601         
   5188  2971       70.9392    79                     18.4383   185954         
   5984  2814       21.8796   220                     18.5774   175339         
   6445  3653       26.9584   185                     18.5774   231640         
Elapsed time = 56.24 sec. (44593.20 ticks, tree = 69.75 MB, solutions = 0)
   6453  3677       59.5468    69                     18.5774   232780         
   6820  3928       72.0757    82                     18.5774   251703         
   7487  4213    infeasible                           18.5774   270014         
   7839  4629       41.6700   111                     18.6468   309773         
   8394  4826       70.4897   108                     18.6468   334023         
   8757  5059      144.0000    56                     18.7297   365124         
   9148  5244       52.0220   116                     18.7297   404522         
   9481  5348       29.3676   123                     18.7345   427236         
   9806  5576       60.0079    68                     18.8068   472007         
  10143  5722      184.0000    45                     18.9953   510964         
Elapsed time = 70.54 sec. (54250.30 ticks, tree = 111.35 MB, solutions = 0)
  10528  5849       70.2337    68                     19.0137   542410         
  10962  6104       56.2075    60                     19.5226   600281         
  11437  6219       36.0716   123                     20.5326   622275         
  11834  6407       44.0795   113                     20.6159   653120         
  11846  6420      130.5379    81                     20.6575   657547         
  11964  6483       48.0546   111                     20.7622   667485         
  12231  6660       53.5582   142                     20.8035   702883         
  12590  6810       43.3436   133                     20.8886   736082         
  13154  6953       21.4807   230                     21.0641   769490         
  13664  7107       36.2089   144                     21.1900   806944         
Elapsed time = 84.14 sec. (64575.40 ticks, tree = 146.20 MB, solutions = 0)
  14306  7257    infeasible                           21.6262   838671         
  14924  7442       28.2937   116                     21.6268   879964         
  15423  7630       49.2027   155                     21.8053   913504         
  15999  7884       47.3912   123                     22.9361   962897         
  16448  8303       44.3763   154                     23.0801  1055762         
  16882  8511       56.6212   113                     23.7217  1115383         
  17408  8710       70.4543    73                     23.9646  1159472         
  17905  8891    infeasible                           24.2708  1196205         
  18421  9005      110.5254    80                     24.4715  1216985         
  18915  9343      190.0000    26                     24.6896  1283068         
Elapsed time = 98.86 sec. (74130.82 ticks, tree = 203.35 MB, solutions = 0)
  19416  9386    infeasible                           24.6977  1291807         
  19805  9791       44.6036   113                     24.7661  1376687         
  20199  9889    infeasible                           24.9122  1407505         
  20613 10036       36.9487   118                     24.9259  1442472         
  20887 10180       33.4908    78                     24.9311  1474152         
  20969 10231       44.0783   136                     25.0389  1494672         
  21027 10407       37.3997   153                     25.0389  1549587         
  21103 10414       48.9704   162                     25.0389  1552292         
  21264 10450       37.6458   157                     25.1447  1560893         
  21516 10532    infeasible                           25.1447  1589267         
Elapsed time = 113.11 sec. (86058.84 ticks, tree = 228.71 MB, solutions = 0)
  21789 10610       41.5583   140                     25.1792  1615236         
  22070 10640       48.5354   160                     25.2669  1625942         
  22501 10847    infeasible                           25.3495  1702049         
  22839 10941       41.4669   135                     25.3846  1720578         
  23127 11157       58.6369   125                     25.5235  1790815         
  23424 11164    infeasible                           25.5759  1793900         
  23889 11339       56.2585    94                     25.5954  1844996         
  24386 11397       29.1372   177                     25.7189  1866417         
  24686 11489       42.7109   162                     25.7189  1894576         
  24942 11781       55.5517   156                     25.7760  1956701         
Elapsed time = 128.24 sec. (95626.95 ticks, tree = 276.28 MB, solutions = 0)
  25191 11900       59.0816   125                     25.8591  1985454         
  25505 12118       28.2481   187                     25.9882  2072417         
  25758 12125    infeasible                           26.0038  2074724         
  26050 12267       56.9734   126                     26.0579  2135212         
  26315 12411       40.1621   120                     26.0579  2201700         
  26615 12551    infeasible                           26.0860  2265558         
  26894 12594    infeasible                           26.0860  2279157         
  27215 12772       27.1358   191                     26.1848  2357160         
  27479 12705       40.5376   166                     26.1848  2333242         
  27798 12915       28.0057   162                     26.2158  2423313         
Elapsed time = 143.42 sec. (105199.64 ticks, tree = 307.32 MB, solutions = 0)
  28149 12938       28.2186   165                     26.3089  2433224         
  28485 13132       45.1989   147                     26.3455  2516886         
  28777 13280       28.8263   178                     26.3585  2583533         
  29107 13389       69.4298   137                     26.4250  2626540         
  29415 13427    infeasible                           26.4250  2643546         
  29660 13602       61.5240   140                     26.4509  2705023         
  29828 13598       26.9277   148                     26.4509  2702796         
  29841 13715       32.7564   163                     26.6054  2773660         
  29859 13793       44.1667   159                     26.6069  2804926         
  29944 13801       27.6452   178                     26.6101  2807847         
Elapsed time = 157.01 sec. (116835.43 ticks, tree = 331.68 MB, solutions = 0)
  30142 13806       43.5752   134                     26.6101  2810769         
  30398 13816    infeasible                           26.6140  2815306         
  30673 13972    infeasible                           26.6352  2878221         
  30943 14045       41.0749   156                     26.6624  2910595         
  31223 13964       41.1934   137                     26.6624  2878225         
  31499 14188       40.7281   177                     26.6624  2988486         
  31769 14304    infeasible                           26.7461  3042164         
  32077 14345       52.3888   158                     26.8100  3070128         
  32391 14322       36.1167   134                     26.8693  3047812         
  33619 14969       62.2337   143                     27.0628  3314383         
Elapsed time = 175.85 sec. (129264.26 ticks, tree = 370.08 MB, solutions = 0)
  34734 15266       33.0559   197                     27.1677  3449209         
  35862 15733    infeasible                           27.2952  3664349         
  37006 16061       41.9889   159                     27.3940  3804598         
  38200 16553       51.8892   160                     27.4896  4029466         
  38521 16723       43.4336   132                     27.5701  4104062         
  39000 16899       27.8864   226                     27.5924  4177161         
  40014 17068       42.3879   147                     27.6064  4243076         
  41128 17458       37.7999   168                     27.7650  4425269         
  42168 17793    infeasible                           27.8726  4593949         
  43196 18225       30.9241   174                     27.8976  4829110         
Elapsed time = 233.25 sec. (168178.71 ticks, tree = 483.09 MB, solutions = 0)
  44338 18589       41.3785   138                     28.0103  5041118         
  45543 18813       30.2583   179                     28.0845  5137975         
  46710 19277       56.8944   140                     28.1876  5374167         
  47566 19607       47.7556   182                     28.2654  5544989         
  47642 19939       43.5332   168                     28.2795  5719724         
  48179 19953       42.4546   151                     28.2888  5728159         
  49060 20280       29.6144   223                     28.3176  5920563         
  50188 20335       54.5740   151                     28.4363  5954277         
  51385 21069    infeasible                           28.5160  6302737         
  52624 21385    infeasible                           28.6141  6460441         
Elapsed time = 289.27 sec. (206362.21 ticks, tree = 602.37 MB, solutions = 0)
  53780 21656    infeasible                           28.6741  6587208         
  55201 22086       29.3209   155                     28.7444  6784851         
  56311 22713    infeasible                           28.8091  7056704         
  57268 22800       42.1096   176                     28.8554  7106620         
  57362 23425    infeasible                           28.9262  7396417         
  57949 23446       31.5593   213                     28.9329  7407389         
  59151 23527       38.4200   131                     28.9562  7441931         
  60371 23860       51.8915   164                     29.0167  7596825         
  61480 24492       39.2066   151                     29.0631  7867989         
  62701 24967    infeasible                           29.1414  8136067         
Elapsed time = 346.18 sec. (244542.12 ticks, tree = 737.48 MB, solutions = 0)
  63952 25340       30.9787   208                     29.2067  8334687         
  65146 25340       44.9946   148                     29.2622  8330124         
  66332 25987       50.3098   135                     29.3398  8659407         
  67541 26275       53.2235   187                     29.4210  8819587         
  68449 26745       30.6064   146                     29.4634  9084225         
  68555 26857    infeasible                           29.4933  9154614         
  68852 27253       56.0000   113                     29.5047  9360540         
  69680 27272    infeasible                           29.5047  9372024         
  70697 27293       56.7136   138                     29.5103  9382038         
  71818 27576    infeasible                           29.6124  9564488         
Elapsed time = 401.35 sec. (282870.45 ticks, tree = 856.72 MB, solutions = 0)
  72825 28275       42.5706   168                     29.6551  9982004         
  73923 28582       57.3491   134                     29.6916 10164163         
  75078 28742    infeasible                           29.7753 10261735         
  76231 29149       63.3702   148                     29.8205 10473006         
  77347 29502       55.5137   135                     29.8759 10676640         
  78396 29806    infeasible                           29.9302 10823112         
  79614 30124    infeasible                           29.9731 10985592         
  80747 30829    infeasible                           30.0227 11354757         
  81871 31183    infeasible                           30.0921 11550262         
  82826 31273       45.1819   144                     30.1261 11599903         
Elapsed time = 467.98 sec. (321057.27 ticks, tree = 1011.90 MB, solutions = 0)
  83501 31689       62.3130   209                     30.1633 11816902         
  83674 32153       64.1603   206                     30.2022 12129286         
  83883 32303       41.6190   165                     30.2174 12218291         
  84480 32345    infeasible                           30.2174 12232594         
  85560 32407       31.8131   213                     30.2285 12279457         
  86728 32697    infeasible                           30.2833 12449103         
  87843 32962       55.9974   152                     30.3545 12589063         
  88954 33450    infeasible                           30.4143 12881163         
  90064 33925    infeasible                           30.4526 13120983         
  91048 34163       57.7527   132                     30.5349 13279171         
Elapsed time = 523.26 sec. (359416.25 ticks, tree = 1129.14 MB, solutions = 0)
  91980 34821       33.3351   148                     30.6064 13671922         
  93111 34669       58.9684   126                     30.6496 13574332         
  94244 35554    infeasible                           30.7069 14111607         
  95303 35511       35.1489   174                     30.7500 14080337         
  96258 35760    infeasible                           30.8090 14197217         
  97328 36424       60.0593   196                     30.8695 14582865         
  98283 36816       41.3530   171                     30.9122 14848389         
  99270 36839       32.5484   166                     30.9869 14861234         
 100200 37456       34.7064   188                     31.0163 15233593         
 100577 37600       67.1494   205                     31.0243 15321882         
Elapsed time = 586.75 sec. (397577.52 ticks, tree = 1290.51 MB, solutions = 0)
 100716 37960       58.7613   164                     31.0750 15595974         
 101022 38011       57.2414   150                     31.0750 15631098         
 101876 38035    infeasible                           31.0750 15643204         
 102914 38367       40.2720   116                     31.1232 15846059         
 103913 38856       36.0630   213                     31.2044 16143360         
 104750 38644    infeasible                           31.2201 16007976         
 105726 39474    infeasible                           31.2789 16529164         
 106643 39400    infeasible                           31.3188 16492249         
 107668 40006       56.5825   165                     31.3741 16882757         
 108632 40344       73.3775   122                     31.4253 17069525         
Elapsed time = 648.63 sec. (435825.25 ticks, tree = 1409.77 MB, solutions = 0)
 109612 40429       45.9791   215                     31.4728 17122747         
 110590 41011    infeasible                           31.5270 17444192         
 111461 41072       36.0068   198                     31.5653 17496755         
 112423 41669    infeasible                           31.6105 17847581         
 113438 42074    infeasible                           31.6375 18103237         
 113948 42037       65.8967   167                     31.6555 18093583         
 114058 42718    infeasible                           31.7321 18486215         
 114285 42756       60.6725   174                     31.7321 18500737         
 114890 42769       39.5965   203                     31.7321 18513365         
 115616 43043    infeasible                           31.7321 18683330         
Elapsed time = 706.15 sec. (474100.79 ticks, tree = 1540.93 MB, solutions = 0)
 116357 43313       46.9073   120                     31.8041 18851105         
 117196 43240    infeasible                           31.8670 18794433         
 118064 43414       43.0256   126                     31.9007 18957594         
 118986 43674       70.0916   147                     31.9353 19104901         
 119907 44022       67.7660   151                     31.9898 19362184         
 120796 44421    infeasible                           32.0153 19633405         
 121701 44783    infeasible                           32.0845 19861423         
 122600 45331       47.8073   186                     32.1020 20208957         
 123491 45698       54.9477   136                     32.1847 20436877         
 124440 45478    infeasible                           32.2081 20298910         
Elapsed time = 775.04 sec. (512301.00 ticks, tree = 1687.67 MB, solutions = 0)
 125284 46329    infeasible                           32.2925 20822531         
 126088 46692    infeasible                           32.3120 21086776         
 126924 46933    infeasible                           32.3693 21236648         
 127746 46883       33.9418   241                     32.3885 21200464         
 128664 47674      106.2149   125                     32.4663 21758243         
 129532 47631       62.5623   199                     32.4881 21725576         
 130238 47814       47.4169   190                     32.5471 21893049         
 130805 48016       37.1721   145                     32.5899 22028262         
 131067 48662    infeasible                           32.6214 22425320         
 131348 48763       41.2175   232                     32.6214 22464397         
Elapsed time = 835.40 sec. (550561.80 ticks, tree = 1830.19 MB, solutions = 0)
 132028 48788      107.4671   132                     32.6254 22479696         
 133028 48939       44.9022   170                     32.6377 22556613         
 133905 49017       46.5099   207                     32.6474 22606811         
 134686 49254       59.4243   202                     32.7120 22734721         
 135454 49716    infeasible                           32.7378 23010563         
 136357 49843    infeasible                           32.7703 23113894         
 137232 50825       33.1943   164                     32.8381 23719532         
 137963 51045       88.0797   155                     32.8634 23843072         
 138772 51361       46.4627   142                     32.9276 24067919         
 139610 51202       79.4957   188                     32.9500 23939042         
Elapsed time = 904.94 sec. (588747.88 ticks, tree = 1981.84 MB, solutions = 0)
 140347 51648       62.1682   166                     33.0199 24276041         
 141124 52223       34.7585   185                     33.0663 24661187         
 142062 52202    infeasible                           33.1256 24657381         
 142911 52413       33.7572   194                     33.1553 24775964         
 143713 53230    infeasible                           33.1926 25300397         
 144565 53358       55.8892   146                     33.2169 25400699         
 145312 53801       93.9077   225                     33.2514 25670467         
 145952 53610    infeasible                           33.2654 25589159         
 146255 54031       58.4723   173                     33.2947 25793912         
 146358 54247    infeasible                           33.3357 25953875         
Elapsed time = 968.04 sec. (626989.65 ticks, tree = 2140.06 MB, solutions = 0)
Nodefile size = 93.01 MB (65.73 MB after compression)
 146640 54599       46.9190   134                     33.3432 26204892         
 147279 54619    infeasible                           33.3432 26222337         
 148178 54636       34.2583   199                     33.3559 26237027         
 149111 55069       34.6904   183                     33.3559 26531038         
 149794 55555       43.6580   151                     33.4725 26813119         
 150564 55832       72.4980   213                     33.4790 26966704         
 151296 55863       35.3882   158                     33.5385 26979443         
 152017 55890       86.6209   134                     33.5644 27033986         
 152890 56595       45.6117   190                     33.6057 27529875         
 153761 56415       47.8002   164                     33.6423 27445393         
Elapsed time = 1035.22 sec. (665200.45 ticks, tree = 2281.12 MB, solutions = 0)
Nodefile size = 233.66 MB (163.70 MB after compression)
 154470 56930       57.5865   180                     33.6800 27774068         
 155178 57199    infeasible                           33.7183 27911332         
 155838 57604    infeasible                           33.7514 28142130         
 156675 57823       37.9517   197                     33.7709 28297649         
 157376 58207      120.0679   162                     33.8034 28555834         
 157985 58535       54.5617   140                     33.8455 28790277         
 158283 58725       45.9649   146                     33.8762 28906986         
 158325 59248    infeasible                           33.8871 29244693         
 158644 59263       37.3731   184                     33.8871 29254573         
 159224 59282       43.6995   155                     33.8871 29266638         
Elapsed time = 1094.42 sec. (703478.68 ticks, tree = 2407.77 MB, solutions = 0)
Nodefile size = 360.18 MB (251.80 MB after compression)
 159941 59317       52.9284   106                     33.9211 29296936         
 160593 59399       34.4837   174                     33.9211 29346032         
 161256 59783       41.0012   179                     33.9895 29623201         
 161937 60217       40.7887   215                     34.0192 29923983         
 162611 60283       56.6152   115                     34.0426 29960420         

GUB cover cuts applied:  71
Clique cuts applied:  191
Cover cuts applied:  2653
Implied bound cuts applied:  106
Flow cuts applied:  44
Mixed integer rounding cuts applied:  93
Zero-half cuts applied:  16
Lift and project cuts applied:  102
Gomory fractional cuts applied:  8
Cone linearizations applied:  519

Root node processing (before b&c):
  Real time             =   35.88 sec. (31259.77 ticks)
Parallel b&c, 16 threads:
  Real time             = 1095.31 sec. (693259.93 ticks)
  Sync time (average)   =  131.39 sec.
  Wait time (average)   =    0.08 sec.
                          ------------
Total (root+branch&cut) = 1131.18 sec. (724519.70 ticks)

KeyboardInterrupt
Alocation Time: 2.3702070713043213
Solver Enlapsed Time: 1131.1909220218658
